1 3 0 1 0 274 99 0
2 1 0 1 3 127 97 0
3 3 0 1 1 17 10 0
4 8 0 1 4 8110 16 0
5 3 0 3 2 461 84 0
6 5 51 1 4 7782 14 1
7 4 81 1 4 471 90 0
8 5 0 2 2 16 88 0
9 9 0 1 1 32 5 0
10 1 51 3 1 3686 18 0
11 8 0 3 2 136 20 1
12 10 0 3 6 34 91 0
13 8 44 1 2 4096 95 0
14 3 0 1 2 15 10 0
15 3 0 2 1 34 10 0
16 10 54 1 6 118 64 0
17 2 69 2 2 35 5 0
18 3 0 3 3 16 11 0
19 3 0 1 3 8520 10 0
20 4 0 1 3 33 16 0
21 3 73 3 4 952 21 0
22 10 1 1 1 16 94 0
23 1 66 2 3 60 16 0
24 4 0 2 6 17 10 0
25 5 0 1 2 17 5 1
26 9 21 3 3 1116 9 0
27 3 87 3 5 1044 10 0
28 6 0 1 5 15 89 0
29 3 58 3 1 17 5 0
30 1 36 1 4 16 82 0
31 7 9 1 2 17 9 0
32 10 13 3 4 15 10 1
33 6 0 1 0 1065 14 0
34 3 36 1 9 17 78 0
35 1 9 1 3 63 90 1
36 1 45 1 1 558 89 0
37 1 15 3 0 69 21 1
38 1 0 3 4 66 91 0
39 3 0 1 3 1843 82 0
40 5 0 1 3 563 83 0